Exercicio_5a

a.) 101,11(2) + 10,011(2) = X(2) 
101,110(2)
+
010,011(2)
----------
111,001(2)

b.) 1000,101(2) - 10,01(2) = X(2)  
1000,101(2)
-
0010,010(2)
-----------
0110,011(2)
 
c.) 101,101(2) * 10,101(2) = X(2) 
101,101(2)
*
 10,101(2)
---------------
    101,101
   000,000
+ 101,101
 000,000
101,101
--------------
1110,110001(2)
 
d.) 10111,01(2) / 11,011(2) = X(2) 
     10111,010(2)
/
        11,011(2)
-----------------
110,1110001110(2)

e.) 1101011(2) % 1101(2) = X(2)
1101011(2)
%
   1101(2)
----------
     11(2)
 