Exercício Extra 1d)
+-------+-----+-----+-----+-----+-----+-----+-----+-----+-----+-----+-----------------+----------------+
| X(10) | 2^9 | 2^8 | 2^7 | 2^6 | 2^5 | 2^4 | 2^3 | 2^2 | 2^1 | 2^0 |        ∑        |      X(2)      |
|       | 512 | 256 | 128 |  64 |  32 |  16 |  8  |  4  |  2  |  1  |                 | (usar dígitos) |
+-------+-----+-----+-----+-----+-----+-----+-----+-----+-----+-----+-----------------+----------------+
|   26  | 0   | 0   |  0  |  0  |  0  |  1  |  1  |  0  |  1  |  0  |      16+8+2     |      11010     |
+-------+-----+-----+-----+-----+-----+-----+-----+-----+-----+-----+-----------------+----------------+
|   53  |  0  |  0  |  0  |  0  |  1  |  1  |  0  |  1  |  0  |  1  |    32+16+4+1    |     110101     |
+-------+-----+-----+-----+-----+-----+-----+-----+-----+-----+-----+-----------------+----------------+
|  713  |  1  |  0  |  1  |  1  |  0  |  0  |  1  |  0  |  0  |  1  |  512+128+64+8+1 |   1011001001   |
+-------+-----+-----+-----+-----+-----+-----+-----+-----+-----+-----+-----------------+----------------+
|  213  |  0  |  0  |  1  |  1  |  0  |  1  |  0  |  1  |  0  |  1  |  128+64+16+4+1  |    11010101    |
+-------+-----+-----+-----+-----+-----+-----+-----+-----+-----+-----+-----------------+----------------+
|  365  |  0  |  1  |  0  |  1  |  1  |  0  |  1  |  1  |  0  |  1  | 256+64+32+8+4+1 |    101101101   |
+-------+-----+-----+-----+-----+-----+-----+-----+-----+-----+-----+-----------------+----------------+